workerid	gender	age	condition	uniqueIDs	orders	funniness	dummy
A3CQZVJVN8AVQ8	M	35	6	"51,52,53,54,55,56,57,58,59,60,121,122,123,124,125,126,127,128,129,130,221,222,223,224,225,226,227,228,229,230,261,262,263,264,265,266,267,268,269,270"	"15,24,27,13,26,17,11,39,18,34,10,25,40,31,20,35,5,6,4,38,28,19,2,14,7,29,32,23,36,33,22,1,12,16,9,21,8,37,30,3"	"1,5,4,3,1,1,1,4,4,5,2,1,1,4,1,1,1,2,2,1,1,1,1,1,1,1,1,1,1,1,1,1,1,1,2,1,1,1,1,1"	1
AA9SCJ5HQZYT2	F	35	5	"41,42,43,44,45,46,47,48,49,50,131,132,133,134,135,136,137,138,139,140,231,232,233,234,235,236,237,238,239,240,271,272,273,274,275,276,277,278,279,280"	"7,21,40,6,32,36,18,14,28,39,13,26,25,38,2,11,1,15,22,17,12,3,20,31,30,9,4,16,27,5,23,10,29,35,33,37,8,19,34,24"	"6,4,5,5,6,6,4,4,4,6,1,3,1,1,1,1,1,2,1,1,1,1,1,1,1,1,1,1,1,1,1,1,1,1,1,1,1,1,1,1"	1
A3589EV8CHMX0	F	35	6	"51,52,53,54,55,56,57,58,59,60,121,122,123,124,125,126,127,128,129,130,221,222,223,224,225,226,227,228,229,230,261,262,263,264,265,266,267,268,269,270"	"4,33,8,22,9,7,35,6,17,21,3,37,15,16,28,24,27,11,14,30,2,12,10,25,40,38,19,29,1,23,18,20,26,13,39,31,32,36,5,34"	"1,3,6,6,1,6,3,7,7,7,5,1,1,1,1,1,1,3,1,1,1,1,1,1,1,1,1,1,1,1,1,1,1,1,1,1,1,1,1,1"	1
A3D9XIIMIFT8J5	M	35	5	"41,42,43,44,45,46,47,48,49,50,131,132,133,134,135,136,137,138,139,140,231,232,233,234,235,236,237,238,239,240,271,272,273,274,275,276,277,278,279,280"	"17,32,26,35,33,27,28,6,4,1,15,5,12,29,7,39,16,40,24,37,30,3,20,36,14,38,11,19,23,9,10,31,8,13,22,2,18,25,21,34"	"6,4,6,4,5,6,4,5,6,5,3,5,2,3,1,1,1,1,1,1,3,1,1,1,2,1,2,2,3,1,1,1,1,1,1,1,1,1,1,1"	1
A248LF7KKHXZ14	F	45	7	"61,62,63,64,65,66,67,68,69,70,151,152,153,154,155,156,157,158,159,160,211,212,213,214,215,216,217,218,219,220,251,252,253,254,255,256,257,258,259,260"	"8,18,40,15,16,11,36,4,19,2,24,5,29,34,10,22,26,20,6,7,32,9,35,14,39,30,21,23,17,31,3,37,38,1,25,13,12,27,33,28"	"6,3,3,3,4,2,3,4,6,4,1,1,4,2,1,1,1,2,4,1,1,1,1,1,1,1,1,1,1,1,1,1,1,1,1,1,1,1,1,1"	1
A69KEZJP0BY6B	M	35	5	"41,42,43,44,45,46,47,48,49,50,131,132,133,134,135,136,137,138,139,140,231,232,233,234,235,236,237,238,239,240,271,272,273,274,275,276,277,278,279,280"	"18,38,29,32,28,33,21,17,25,31,19,7,35,3,24,11,39,20,14,16,6,37,30,1,10,8,22,13,34,27,26,2,5,9,4,12,15,40,36,23"	"6,1,6,1,4,1,6,5,6,7,3,6,1,2,1,1,1,1,1,1,1,1,1,5,2,1,7,1,1,1,1,1,3,2,1,1,1,1,1,2"	1
AWSMZI0NXR4OW	F	45	2	"11,12,13,14,15,16,17,18,19,20,81,82,83,84,85,86,87,88,89,90,181,182,183,184,185,186,187,188,189,190,301,302,303,304,305,306,307,308,309,310"	"3,31,5,26,38,12,22,17,21,18,10,13,16,20,1,25,7,9,35,23,28,36,34,6,29,33,19,37,39,8,30,40,11,4,32,27,15,2,14,24"	"4,4,2,7,7,1,6,6,1,4,6,4,3,1,1,3,4,5,6,7,1,1,1,1,1,1,1,1,4,2,1,1,1,1,1,1,1,1,1,1"	1
A3SZP7N7L25WRL	M	35	6	"51,52,53,54,55,56,57,58,59,60,121,122,123,124,125,126,127,128,129,130,221,222,223,224,225,226,227,228,229,230,261,262,263,264,265,266,267,268,269,270"	"7,26,18,17,29,37,10,12,40,39,34,33,21,13,14,38,27,16,31,15,28,30,2,11,36,24,5,22,19,9,25,3,6,32,4,1,35,20,23,8"	"4,6,5,5,1,1,1,5,6,4,1,1,1,3,4,1,1,2,1,1,1,1,4,1,1,1,1,1,1,1,1,2,1,1,1,2,1,1,1,1"	1
A3VO1IHD8PO0OF	F	25	3	"21,22,23,24,25,26,27,28,29,30,111,112,113,114,115,116,117,118,119,120,171,172,173,174,175,176,177,178,179,180,291,292,293,294,295,296,297,298,299,300"	"24,9,37,33,16,15,22,18,23,40,29,19,28,26,1,6,11,27,38,10,20,2,25,39,4,17,3,7,5,32,21,12,8,31,14,35,36,34,30,13"	"5,4,2,1,2,3,4,3,3,2,1,1,1,1,3,2,2,2,1,3,1,1,1,1,1,1,1,1,2,2,1,1,1,1,1,1,1,1,1,1"	1
A3A05OKGRNUHB9	F	55	3	"21,22,23,24,25,26,27,28,29,30,111,112,113,114,115,116,117,118,119,120,171,172,173,174,175,176,177,178,179,180,291,292,293,294,295,296,297,298,299,300"	"6,7,26,40,33,29,24,9,23,28,19,32,15,21,25,18,39,38,12,10,8,34,31,1,20,13,16,30,36,35,11,37,17,2,4,14,5,22,3,27"	"3,3,3,2,4,4,4,3,3,4,1,4,1,1,3,2,1,1,1,4,1,1,1,2,1,1,1,1,1,1,1,1,1,1,1,1,1,1,1,1"	1
AACD3MXKVW9VJ	M	25	5	"41,42,43,44,45,46,47,48,49,50,131,132,133,134,135,136,137,138,139,140,231,232,233,234,235,236,237,238,239,240,271,272,273,274,275,276,277,278,279,280"	"36,17,25,40,23,37,16,11,20,31,22,5,4,39,9,28,6,26,8,30,3,18,38,35,12,7,29,33,15,24,32,1,27,21,13,14,34,19,2,10"	"2,2,2,2,2,2,2,2,2,2,1,1,1,1,1,1,1,1,1,1,1,1,1,1,1,1,1,1,1,1,1,1,1,1,1,1,1,1,1,1"	1
A2Y831RL41QACN	M	35	8	"71,72,73,74,75,76,77,78,79,80,141,142,143,144,145,146,147,148,149,150,201,202,203,204,205,206,207,208,209,210,241,242,243,244,245,246,247,248,249,250"	"5,40,6,24,15,35,39,28,16,38,23,26,14,30,3,33,10,9,4,32,18,8,1,13,12,36,21,2,11,25,17,29,20,37,22,27,31,7,19,34"	"1,6,5,6,4,6,1,6,5,6,6,7,6,1,3,7,6,2,6,1,4,6,1,2,1,1,4,4,2,1,1,4,6,1,1,1,1,4,2,1"	1
A1VVTOMG4O0TIE	M	25	6	"51,52,53,54,55,56,57,58,59,60,121,122,123,124,125,126,127,128,129,130,221,222,223,224,225,226,227,228,229,230,261,262,263,264,265,266,267,268,269,270"	"28,37,35,13,12,34,10,18,22,11,9,31,26,16,8,25,2,14,36,27,23,19,38,17,6,15,7,24,1,29,30,39,4,5,21,33,40,20,3,32"	"6,3,3,7,2,4,6,7,5,6,6,3,5,7,1,4,1,6,2,1,1,1,2,1,1,1,1,1,1,2,1,1,1,1,1,1,1,1,1,1"	1
A1NY7OXPFMJB6B	M	17	2	"11,12,13,14,15,16,17,18,19,20,81,82,83,84,85,86,87,88,89,90,181,182,183,184,185,186,187,188,189,190,301,302,303,304,305,306,307,308,309,310"	"30,12,40,38,24,39,1,13,26,4,29,16,5,36,10,18,2,15,27,19,22,3,17,9,21,33,23,6,31,11,14,35,34,28,7,20,8,37,25,32"	"5,4,5,6,5,5,6,4,5,5,4,4,4,1,1,4,1,4,6,5,1,6,1,1,1,1,1,1,1,1,1,1,1,1,1,1,2,1,1,1"	1
A10GZ0SWBZIRBK	M	25	6	"51,52,53,54,55,56,57,58,59,60,121,122,123,124,125,126,127,128,129,130,221,222,223,224,225,226,227,228,229,230,261,262,263,264,265,266,267,268,269,270"	"27,11,20,36,15,10,12,4,37,32,9,8,2,33,38,1,28,29,40,30,31,34,22,18,16,24,23,7,14,5,6,19,25,35,17,13,3,39,21,26"	"5,7,6,4,3,6,4,6,6,3,1,2,5,2,1,3,1,2,1,1,1,1,1,1,1,1,1,3,1,1,1,1,1,1,1,1,2,1,1,1"	1
ASSVZOJI3IN9R	F	35	7	"61,62,63,64,65,66,67,68,69,70,151,152,153,154,155,156,157,158,159,160,211,212,213,214,215,216,217,218,219,220,251,252,253,254,255,256,257,258,259,260"	"11,24,15,10,13,28,39,6,8,29,36,21,19,18,9,5,32,40,17,12,30,26,16,27,35,25,38,34,37,4,33,1,2,23,3,20,7,14,31,22"	"5,4,4,4,4,5,5,4,5,5,1,1,4,3,1,4,1,1,4,3,1,1,1,1,1,1,1,1,1,1,1,1,1,1,1,1,1,1,1,1"	1
A2IGLJGPDP2EWF	F	35	4	"31,32,33,34,35,36,37,38,39,40,101,102,103,104,105,106,107,108,109,110,161,162,163,164,165,166,167,168,169,170,281,282,283,284,285,286,287,288,289,290"	"14,31,5,26,25,22,20,16,35,12,3,27,30,33,24,6,11,39,34,21,29,15,32,9,38,37,4,40,2,8,1,13,36,10,7,18,17,23,28,19"	"5,4,5,4,5,4,6,7,5,6,3,2,1,1,1,1,5,4,1,6,1,5,1,1,1,1,1,1,1,2,1,1,1,1,1,1,1,1,1,1"	1
A1O5AK4XED79SN	F	17	6	"51,52,53,54,55,56,57,58,59,60,121,122,123,124,125,126,127,128,129,130,221,222,223,224,225,226,227,228,229,230,261,262,263,264,265,266,267,268,269,270"	"14,5,1,30,40,29,17,32,8,2,4,21,39,10,7,26,27,23,13,9,22,16,28,37,20,25,38,15,31,12,33,36,3,11,6,35,34,24,19,18"	"4,7,6,5,3,1,1,6,7,7,2,2,1,7,2,2,2,3,1,4,1,1,1,1,1,1,1,2,2,1,1,1,1,2,3,1,1,1,1,1"	1
A1AQI9O8MNVL91	M	17	3	"21,22,23,24,25,26,27,28,29,30,111,112,113,114,115,116,117,118,119,120,171,172,173,174,175,176,177,178,179,180,291,292,293,294,295,296,297,298,299,300"	"17,21,31,24,18,20,5,29,38,2,35,13,19,15,6,23,30,40,1,34,37,10,3,14,4,36,25,7,39,9,28,22,27,12,32,8,16,26,11,33"	"6,5,5,1,3,5,3,6,6,5,1,1,1,1,4,1,1,2,6,5,1,1,1,4,1,1,1,1,1,1,1,1,1,1,1,1,1,1,1,1"	1
A3EYWJCIO1MG9W	M	25	1	"1,2,3,4,5,6,7,8,9,10,91,92,93,94,95,96,97,98,99,100,191,192,193,194,195,196,197,198,199,200,311,312,313,314,315,316,317,318,319,320"	"23,3,36,11,19,15,28,30,1,21,2,5,29,34,27,37,35,26,4,25,12,38,31,39,8,22,14,40,33,17,7,13,20,24,9,18,6,32,10,16"	"3,5,2,2,3,2,4,4,4,2,3,1,2,2,1,1,1,2,2,1,1,1,1,1,2,1,1,2,1,2,1,1,1,1,3,1,1,1,1,1"	1
A22XK2FSFIAAFG	M	25	2	"11,12,13,14,15,16,17,18,19,20,81,82,83,84,85,86,87,88,89,90,181,182,183,184,185,186,187,188,189,190,301,302,303,304,305,306,307,308,309,310"	"35,26,2,8,33,12,5,38,17,1,15,20,39,4,30,23,25,19,37,14,31,16,18,28,22,40,36,21,11,7,32,29,3,9,24,13,27,10,6,34"	"1,4,4,4,5,5,5,5,1,2,6,5,1,5,1,6,5,3,5,6,1,1,1,1,1,1,1,1,1,1,1,1,1,1,1,1,1,1,1,1"	1
AYCHPTQRYDT7G	F	45	6	"51,52,53,54,55,56,57,58,59,60,121,122,123,124,125,126,127,128,129,130,221,222,223,224,225,226,227,228,229,230,261,262,263,264,265,266,267,268,269,270"	"5,7,30,8,19,4,31,17,15,38,40,32,34,18,11,24,12,36,6,2,20,10,37,9,16,21,22,3,39,27,35,28,29,1,23,26,13,25,14,33"	"2,4,5,5,3,1,1,2,2,4,1,1,1,1,1,1,1,1,1,1,1,1,1,1,1,1,1,1,1,1,1,1,1,1,1,1,1,1,1,1"	1
A33N4PXGW0ANB5	M	35	1	"1,2,3,4,5,6,7,8,9,10,91,92,93,94,95,96,97,98,99,100,191,192,193,194,195,196,197,198,199,200,311,312,313,314,315,316,317,318,319,320"	"20,21,6,17,14,28,4,1,3,15,27,23,37,29,12,13,39,16,34,31,8,38,35,40,7,25,33,18,32,19,22,36,5,2,24,9,30,26,10,11"	"3,2,3,5,1,3,4,3,5,4,2,1,2,1,1,2,1,1,1,1,2,1,3,1,1,1,1,1,1,2,1,1,1,1,1,1,1,1,1,1"	1
A22SZHZTF72TRM	F	35	2	"11,12,13,14,15,16,17,18,19,20,81,82,83,84,85,86,87,88,89,90,181,182,183,184,185,186,187,188,189,190,301,302,303,304,305,306,307,308,309,310"	"35,10,4,9,32,7,23,11,13,25,40,2,28,5,33,1,36,34,14,38,6,19,37,3,29,27,24,31,15,18,39,30,8,21,17,20,12,22,16,26"	"5,2,4,6,4,2,1,6,1,5,4,1,1,1,1,2,2,2,6,4,1,1,1,2,1,1,1,1,1,1,1,1,1,1,1,1,1,1,1,1"	1
A2YYQJ3JWA2KGD	F	35	5	"41,42,43,44,45,46,47,48,49,50,131,132,133,134,135,136,137,138,139,140,231,232,233,234,235,236,237,238,239,240,271,272,273,274,275,276,277,278,279,280"	"16,32,25,34,15,27,19,17,39,6,29,26,18,4,11,23,21,38,37,24,28,36,40,3,12,2,1,14,20,35,22,13,31,30,9,8,5,10,7,33"	"4,4,2,2,5,3,3,3,2,5,1,1,1,1,1,1,1,1,1,1,1,1,1,1,1,2,1,1,1,1,1,2,1,1,1,1,1,1,1,1"	1
AD8VVYGP4LRKG	M	25	8	"71,72,73,74,75,76,77,78,79,80,141,142,143,144,145,146,147,148,149,150,201,202,203,204,205,206,207,208,209,210,241,242,243,244,245,246,247,248,249,250"	"10,23,40,9,15,20,27,3,7,26,12,14,1,21,17,39,11,8,31,37,30,4,28,6,34,18,24,32,19,25,35,33,38,29,2,5,16,22,13,36"	"7,6,1,6,7,6,5,2,5,7,7,6,6,2,7,4,5,5,5,5,1,1,1,1,2,1,1,1,2,1,1,1,2,3,1,1,1,1,1,5"	1
A1HAVPMOU2M5PY	M	25	3	"21,22,23,24,25,26,27,28,29,30,111,112,113,114,115,116,117,118,119,120,171,172,173,174,175,176,177,178,179,180,291,292,293,294,295,296,297,298,299,300"	"22,18,28,1,35,4,33,10,29,40,23,7,15,5,14,34,20,12,39,27,3,2,26,17,16,19,21,38,6,31,32,8,25,13,36,30,9,37,24,11"	"2,3,1,4,5,5,3,5,3,1,1,5,2,2,5,3,5,4,3,5,1,2,1,4,1,1,1,1,4,1,1,1,1,1,3,1,1,1,1,2"	1
AZCV8JQ2NEFN8	M	35	2	"11,12,13,14,15,16,17,18,19,20,81,82,83,84,85,86,87,88,89,90,181,182,183,184,185,186,187,188,189,190,301,302,303,304,305,306,307,308,309,310"	"27,28,19,6,37,9,35,20,16,26,30,17,10,11,31,12,39,14,23,29,2,5,21,15,32,34,13,4,25,7,3,22,1,38,24,18,40,36,8,33"	"2,4,2,4,3,4,3,2,1,4,4,1,1,3,2,4,2,1,3,5,1,1,1,1,1,2,1,1,1,1,1,1,1,1,1,1,1,1,1,1"	1
A1FHR6ATVJ6KV4	M	25	3	"21,22,23,24,25,26,27,28,29,30,111,112,113,114,115,116,117,118,119,120,171,172,173,174,175,176,177,178,179,180,291,292,293,294,295,296,297,298,299,300"	"6,40,11,9,36,27,16,7,15,37,8,1,28,5,2,21,22,32,25,23,29,19,34,35,4,17,18,20,14,38,30,3,12,24,39,26,31,33,10,13"	"7,7,6,3,6,6,2,6,6,2,4,6,1,4,5,5,6,6,1,7,1,3,1,3,1,1,1,1,1,2,1,1,1,2,1,2,1,1,1,1"	1
A3DKCN0XUVGJ1H	M	35	4	"31,32,33,34,35,36,37,38,39,40,101,102,103,104,105,106,107,108,109,110,161,162,163,164,165,166,167,168,169,170,281,282,283,284,285,286,287,288,289,290"	"8,35,39,19,13,2,11,16,30,6,26,25,9,40,12,29,20,15,10,1,34,27,18,17,5,28,33,4,32,21,22,23,37,31,38,7,36,3,14,24"	"5,2,1,5,6,5,4,2,1,6,3,3,3,3,2,5,2,1,1,2,1,1,1,1,1,1,1,1,1,2,1,1,1,1,1,1,1,1,1,1"	1
A20JA64BT9D6FR	F	45	1	"1,2,3,4,5,6,7,8,9,10,91,92,93,94,95,96,97,98,99,100,191,192,193,194,195,196,197,198,199,200,311,312,313,314,315,316,317,318,319,320"	"6,31,13,27,25,39,2,7,32,37,30,23,4,36,12,10,26,15,22,19,20,5,14,1,38,28,33,40,11,18,21,17,16,29,9,8,35,3,34,24"	"5,5,2,6,1,6,5,5,6,6,2,3,5,5,4,3,6,6,1,3,1,4,5,1,2,1,1,3,2,3,1,1,1,1,5,2,1,1,1,1"	1
A3FAURB3U6YND5	F	25	2	"11,12,13,14,15,16,17,18,19,20,81,82,83,84,85,86,87,88,89,90,181,182,183,184,185,186,187,188,189,190,301,302,303,304,305,306,307,308,309,310"	"36,28,22,16,21,30,19,18,3,4,33,27,12,31,29,37,24,1,34,11,26,6,8,35,5,23,9,14,32,39,10,13,38,20,25,40,15,17,7,2"	"6,7,6,5,7,1,5,4,7,5,1,1,1,6,1,6,1,3,7,6,1,1,1,1,1,1,1,1,1,1,1,1,1,1,1,1,1,1,1,1"	1
A2A07J1P6YEW6Z	M	35	5	"41,42,43,44,45,46,47,48,49,50,131,132,133,134,135,136,137,138,139,140,231,232,233,234,235,236,237,238,239,240,271,272,273,274,275,276,277,278,279,280"	"24,10,8,19,9,16,4,36,40,12,35,11,14,34,7,38,20,6,33,32,23,27,37,13,21,29,1,2,5,15,3,22,31,39,25,18,30,26,28,17"	"4,6,6,7,6,7,6,3,5,6,4,3,3,3,4,4,3,2,2,4,6,2,5,2,2,2,2,4,3,2,2,3,3,4,2,2,2,3,4,4"	1
A195ALXEOWXS4A	M	25	2	"11,12,13,14,15,16,17,18,19,20,81,82,83,84,85,86,87,88,89,90,181,182,183,184,185,186,187,188,189,190,301,302,303,304,305,306,307,308,309,310"	"40,21,17,3,9,5,37,22,27,32,36,6,25,29,13,14,11,39,16,4,15,33,10,31,19,35,8,12,24,26,1,28,20,18,23,38,34,7,2,30"	"5,4,3,3,2,3,3,5,3,3,4,1,3,3,1,5,1,3,4,5,1,1,1,1,1,1,1,1,1,1,1,1,1,1,1,1,1,1,1,1"	1
ATHS9GUME1XCA	M	55	5	"41,42,43,44,45,46,47,48,49,50,131,132,133,134,135,136,137,138,139,140,231,232,233,234,235,236,237,238,239,240,271,272,273,274,275,276,277,278,279,280"	"32,24,21,18,40,25,28,36,22,16,1,30,12,13,39,14,20,8,4,6,19,27,2,17,9,37,10,5,15,29,3,34,38,23,7,31,35,26,33,11"	"7,6,5,7,6,6,7,6,5,5,5,4,1,1,1,1,1,1,2,3,1,1,4,1,1,1,1,1,1,1,1,1,1,1,1,1,1,1,1,1"	1
A175PJR0W3LO8I	M	35	4	"31,32,33,34,35,36,37,38,39,40,101,102,103,104,105,106,107,108,109,110,161,162,163,164,165,166,167,168,169,170,281,282,283,284,285,286,287,288,289,290"	"9,30,34,35,31,22,4,33,40,1,21,29,39,2,7,14,12,5,6,37,8,11,15,36,13,28,18,10,20,32,26,25,24,27,3,16,23,19,17,38"	"5,5,3,4,3,3,5,4,4,5,1,4,1,3,2,1,1,4,1,1,1,1,1,1,1,1,1,1,1,1,2,1,1,1,1,1,1,1,1,1"	1
A2NI99CLB8OQ1X	F	25	3	"21,22,23,24,25,26,27,28,29,30,111,112,113,114,115,116,117,118,119,120,171,172,173,174,175,176,177,178,179,180,291,292,293,294,295,296,297,298,299,300"	"30,5,14,7,31,13,8,36,19,21,26,11,12,23,17,27,20,28,38,18,9,4,25,32,24,15,2,10,16,22,40,1,37,39,29,6,34,35,3,33"	"7,3,7,4,6,7,5,7,7,7,1,6,5,5,6,2,6,6,2,7,4,2,1,2,2,3,2,3,3,1,1,1,1,1,1,3,1,3,1,3"	1
A2WWPL2YX6R0OU	F	55	6	"51,52,53,54,55,56,57,58,59,60,121,122,123,124,125,126,127,128,129,130,221,222,223,224,225,226,227,228,229,230,261,262,263,264,265,266,267,268,269,270"	"8,34,9,35,13,24,11,12,38,40,25,5,3,4,39,26,19,17,1,22,7,18,21,27,2,31,15,32,10,33,37,30,14,28,16,6,20,36,29,23"	"1,2,2,3,1,1,1,5,2,1,1,1,1,3,1,1,1,1,1,1,1,1,1,1,1,1,1,1,2,1,1,1,1,1,1,1,1,1,1,1"	1
A38H9FJ0DLPCXR	M	25	8	"71,72,73,74,75,76,77,78,79,80,141,142,143,144,145,146,147,148,149,150,201,202,203,204,205,206,207,208,209,210,241,242,243,244,245,246,247,248,249,250"	"26,24,9,21,25,7,23,12,15,20,32,22,11,4,8,38,31,19,14,6,40,27,17,36,34,2,18,30,39,37,33,5,29,35,1,16,10,28,3,13"	"1,3,1,2,1,2,1,1,3,3,4,1,2,1,1,3,1,1,3,1,1,1,1,1,1,1,1,1,1,1,1,1,2,1,1,1,1,1,1,1"	1
A1EFWZTCRESQ0K	M	45	6	"51,52,53,54,55,56,57,58,59,60,121,122,123,124,125,126,127,128,129,130,221,222,223,224,225,226,227,228,229,230,261,262,263,264,265,266,267,268,269,270"	"26,13,15,22,4,1,17,7,28,35,31,37,9,18,19,34,10,36,23,14,29,39,25,2,8,24,11,33,5,12,6,3,21,20,16,30,38,40,32,27"	"2,3,3,1,4,3,3,5,5,2,1,1,1,1,1,1,1,1,1,1,1,1,1,1,1,1,1,1,1,1,1,1,1,1,1,1,1,1,1,1"	1
AD0EHH6TG0KF0	F	35	7	"61,62,63,64,65,66,67,68,69,70,151,152,153,154,155,156,157,158,159,160,211,212,213,214,215,216,217,218,219,220,251,252,253,254,255,256,257,258,259,260"	"9,18,14,6,40,2,10,20,22,13,33,35,34,16,8,31,5,24,1,29,36,3,28,39,4,7,17,32,30,26,38,12,21,25,11,27,23,37,19,15"	"6,5,3,5,5,4,3,5,5,4,1,1,3,1,1,1,1,1,2,1,1,1,1,1,1,1,1,1,1,1,1,1,1,1,1,1,1,1,1,1"	1
A2XM6C78S9L8UG	M	45	7	"61,62,63,64,65,66,67,68,69,70,151,152,153,154,155,156,157,158,159,160,211,212,213,214,215,216,217,218,219,220,251,252,253,254,255,256,257,258,259,260"	"39,8,27,7,40,34,23,37,18,12,30,29,1,25,38,24,14,33,17,35,13,2,16,26,6,36,22,9,31,19,28,20,15,5,10,32,11,3,4,21"	"4,3,2,1,1,2,3,4,5,2,1,1,2,4,1,1,1,1,3,1,1,1,1,1,1,1,1,1,1,1,1,1,1,1,1,1,1,1,1,1"	1
A1ZFLC209CRCWR	M	25	3	"21,22,23,24,25,26,27,28,29,30,111,112,113,114,115,116,117,118,119,120,171,172,173,174,175,176,177,178,179,180,291,292,293,294,295,296,297,298,299,300"	"7,26,18,14,37,12,30,40,22,6,17,32,36,39,25,19,33,2,9,28,31,4,24,10,3,35,1,27,23,11,5,13,34,8,20,38,29,15,21,16"	"1,3,1,1,1,4,2,2,3,1,1,1,1,1,2,1,1,1,1,2,1,1,1,1,1,1,1,2,1,1,1,1,1,1,1,1,1,1,1,1"	1
A20ASMCESA51U4	M	55	3	"21,22,23,24,25,26,27,28,29,30,111,112,113,114,115,116,117,118,119,120,171,172,173,174,175,176,177,178,179,180,291,292,293,294,295,296,297,298,299,300"	"33,37,18,10,6,39,40,3,14,7,20,21,5,35,16,13,4,8,1,27,2,28,32,38,15,9,12,23,19,22,25,26,24,30,36,17,29,31,34,11"	"3,7,5,2,5,6,4,6,7,1,1,1,1,1,4,1,1,5,1,5,1,1,1,1,1,1,1,1,1,1,1,1,1,1,1,1,1,1,1,1"	1
A21SF3IKIZB0VN	F	65	4	"31,32,33,34,35,36,37,38,39,40,101,102,103,104,105,106,107,108,109,110,161,162,163,164,165,166,167,168,169,170,281,282,283,284,285,286,287,288,289,290"	"11,38,39,13,28,21,10,5,23,32,30,6,12,9,24,34,37,40,4,17,18,31,20,22,3,29,36,14,19,27,26,35,25,1,15,2,16,7,8,33"	"5,2,2,5,5,5,6,5,4,7,1,6,1,1,1,7,1,1,1,1,1,1,1,1,1,1,1,1,1,1,1,1,1,1,1,1,1,1,1,1"	1
A33SMNMTMIOJ6T	M	25	2	"11,12,13,14,15,16,17,18,19,20,81,82,83,84,85,86,87,88,89,90,181,182,183,184,185,186,187,188,189,190,301,302,303,304,305,306,307,308,309,310"	"21,30,10,8,36,15,31,18,37,1,9,2,39,33,4,22,29,34,26,32,40,6,35,17,3,25,38,20,7,24,19,12,5,28,16,11,23,14,27,13"	"1,1,1,3,3,1,3,1,3,3,2,1,2,2,1,2,1,1,4,4,1,2,1,1,1,1,1,1,1,1,1,1,1,1,1,2,1,1,1,1"	1
A2ZUC3INRC7TP3	F	55	8	"71,72,73,74,75,76,77,78,79,80,141,142,143,144,145,146,147,148,149,150,201,202,203,204,205,206,207,208,209,210,241,242,243,244,245,246,247,248,249,250"	"7,28,30,13,19,25,18,3,23,2,10,24,36,31,38,29,32,26,22,11,34,37,27,16,8,40,33,4,9,35,15,20,6,14,5,12,1,39,17,21"	"1,3,2,3,3,5,1,4,3,5,3,1,1,1,1,1,1,1,1,4,1,1,1,1,1,1,1,1,1,1,1,1,1,1,1,1,1,1,1,1"	1
A3KB7V2R1A15FQ	F	35	6	"51,52,53,54,55,56,57,58,59,60,121,122,123,124,125,126,127,128,129,130,221,222,223,224,225,226,227,228,229,230,261,262,263,264,265,266,267,268,269,270"	"14,16,25,5,22,39,6,27,20,23,26,31,7,33,1,9,40,36,29,30,3,10,17,32,19,8,28,35,13,4,37,2,21,18,12,15,38,24,11,34"	"4,5,6,4,3,1,3,3,5,3,1,1,1,5,1,1,1,1,1,1,1,1,1,1,1,3,1,1,1,1,1,1,1,1,1,1,1,1,1,1"	1
A126F6GPHH9S1U	F	35	1	"1,2,3,4,5,6,7,8,9,10,91,92,93,94,95,96,97,98,99,100,191,192,193,194,195,196,197,198,199,200,311,312,313,314,315,316,317,318,319,320"	"26,14,4,25,20,5,21,39,24,36,34,35,38,30,32,33,13,11,3,29,31,10,8,2,37,28,6,40,19,17,27,12,9,1,22,18,23,15,7,16"	"1,4,1,1,5,1,1,1,4,4,1,1,1,1,1,1,2,2,1,2,1,1,1,1,1,1,1,1,1,3,1,1,1,1,2,1,1,1,1,1"	1
AC1ZUVOEWWZ3H	F	35	8	"71,72,73,74,75,76,77,78,79,80,141,142,143,144,145,146,147,148,149,150,201,202,203,204,205,206,207,208,209,210,241,242,243,244,245,246,247,248,249,250"	"25,30,11,35,15,27,14,24,10,28,36,31,38,40,33,34,29,23,17,7,6,16,8,37,3,20,1,22,9,4,12,26,18,39,5,19,13,32,2,21"	"1,4,5,6,4,6,3,5,5,7,7,1,5,2,4,3,5,2,7,1,2,1,1,1,1,1,1,1,2,1,1,1,3,1,1,1,1,1,1,1"	1
AN3UXKA0YXW8B	F	45	1	"1,2,3,4,5,6,7,8,9,10,91,92,93,94,95,96,97,98,99,100,191,192,193,194,195,196,197,198,199,200,311,312,313,314,315,316,317,318,319,320"	"6,26,32,16,21,24,9,28,30,35,34,3,5,29,13,8,7,11,23,22,19,1,4,31,15,38,36,10,27,18,17,33,2,25,12,39,40,37,20,14"	"7,7,6,6,5,6,7,7,7,7,1,2,6,1,1,1,1,1,1,1,1,1,1,1,1,1,1,1,1,1,1,1,1,1,1,1,1,1,1,1"	1
AE5LQ7ZQ1RK9A	F	35	5	"41,42,43,44,45,46,47,48,49,50,131,132,133,134,135,136,137,138,139,140,231,232,233,234,235,236,237,238,239,240,271,272,273,274,275,276,277,278,279,280"	"33,21,23,12,35,31,2,7,17,6,15,9,20,38,26,1,14,39,4,11,34,36,29,8,3,28,16,5,19,25,24,18,10,37,32,30,22,13,40,27"	"6,5,6,5,5,5,6,4,6,2,5,2,1,1,1,3,1,1,3,1,1,1,3,1,2,1,1,1,1,1,1,1,1,1,1,1,1,1,1,1"	1
A2PXJTMWGUE5DC	F	55	1	"1,2,3,4,5,6,7,8,9,10,91,92,93,94,95,96,97,98,99,100,191,192,193,194,195,196,197,198,199,200,311,312,313,314,315,316,317,318,319,320"	"34,15,17,35,25,22,16,30,6,32,19,38,29,3,10,24,9,36,8,40,4,27,2,1,7,33,12,37,23,18,20,21,31,11,28,26,14,39,5,13"	"5,5,5,4,4,6,6,6,6,4,1,1,4,1,1,1,3,5,1,1,1,1,1,1,1,1,1,1,1,2,1,1,1,1,1,1,1,1,1,1"	1
AQR70X1KIOP6B	M	35	3	"21,22,23,24,25,26,27,28,29,30,111,112,113,114,115,116,117,118,119,120,171,172,173,174,175,176,177,178,179,180,291,292,293,294,295,296,297,298,299,300"	"29,12,24,30,14,2,1,13,20,25,19,8,33,27,36,21,3,38,15,39,7,23,40,16,4,10,28,26,32,35,18,5,11,17,31,34,22,37,6,9"	"4,4,3,4,5,5,2,6,4,3,1,1,1,1,3,1,1,3,1,3,1,1,1,1,1,1,1,1,1,1,1,1,1,1,1,1,1,1,1,1"	1
A80VSGAD9H8VE	M	25	3	"21,22,23,24,25,26,27,28,29,30,111,112,113,114,115,116,117,118,119,120,171,172,173,174,175,176,177,178,179,180,291,292,293,294,295,296,297,298,299,300"	"37,18,16,1,20,26,39,35,24,13,14,29,22,32,9,5,11,27,23,40,25,34,10,8,17,2,12,30,21,7,19,28,36,15,4,3,38,6,33,31"	"5,5,1,1,5,5,5,5,5,3,1,4,1,1,1,2,3,1,1,6,1,1,1,3,1,1,1,1,1,1,1,1,1,1,1,1,1,1,1,1"	1
A18AIG4L4EEO11	F	35	5	"41,42,43,44,45,46,47,48,49,50,131,132,133,134,135,136,137,138,139,140,231,232,233,234,235,236,237,238,239,240,271,272,273,274,275,276,277,278,279,280"	"34,33,29,30,25,31,16,36,17,28,26,3,35,11,38,5,12,6,2,13,40,15,9,37,10,18,1,22,20,7,23,27,24,19,8,32,39,14,21,4"	"5,5,5,4,6,6,6,6,4,5,1,6,1,1,1,3,1,2,1,1,1,1,3,1,1,1,2,1,1,1,1,1,1,1,1,1,1,1,1,1"	1
A11X2Y36GIDAR1	F	35	1	"1,2,3,4,5,6,7,8,9,10,91,92,93,94,95,96,97,98,99,100,191,192,193,194,195,196,197,198,199,200,311,312,313,314,315,316,317,318,319,320"	"6,32,16,11,12,34,37,31,13,35,25,1,36,3,24,22,26,7,15,21,14,8,29,39,38,40,33,17,20,18,10,5,28,23,4,30,19,27,2,9"	"1,2,6,4,1,1,4,4,6,3,1,1,2,1,1,1,1,1,4,1,1,1,1,1,1,1,1,2,1,1,1,1,1,1,1,1,1,1,1,1"	1
A2BKPNKU3EG41Z	F	25	5	"41,42,43,44,45,46,47,48,49,50,131,132,133,134,135,136,137,138,139,140,231,232,233,234,235,236,237,238,239,240,271,272,273,274,275,276,277,278,279,280"	"14,34,10,13,4,21,31,40,23,18,36,7,26,16,32,3,5,29,33,6,37,8,2,9,22,1,24,27,20,19,17,11,15,39,38,28,25,12,35,30"	"1,1,1,2,2,1,4,1,1,1,1,1,1,1,1,2,1,1,1,1,1,1,1,1,1,1,1,1,1,1,1,1,1,1,1,1,1,1,1,1"	1
AKKCFV0GQBWHW	M	35	2	"11,12,13,14,15,16,17,18,19,20,81,82,83,84,85,86,87,88,89,90,181,182,183,184,185,186,187,188,189,190,301,302,303,304,305,306,307,308,309,310"	"40,34,9,2,4,28,12,22,38,32,6,37,36,3,5,21,8,23,27,7,31,14,20,11,24,19,13,16,39,35,33,29,18,1,10,15,26,25,17,30"	"5,4,2,1,7,2,7,7,1,6,3,1,3,5,4,7,3,3,5,5,1,2,1,1,1,1,1,1,1,1,1,1,1,1,1,1,1,1,1,1"	1
A32PNTIGJF38XQ	M	35	6	"51,52,53,54,55,56,57,58,59,60,121,122,123,124,125,126,127,128,129,130,221,222,223,224,225,226,227,228,229,230,261,262,263,264,265,266,267,268,269,270"	"18,5,9,7,3,23,6,21,11,15,8,17,16,35,29,25,19,30,14,13,26,38,32,22,33,31,1,24,12,39,36,10,4,40,27,28,2,20,34,37"	"1,3,5,4,1,4,3,5,5,3,2,1,1,5,5,2,1,1,1,1,1,1,1,1,1,1,1,1,1,1,1,1,1,1,1,1,1,1,2,1"	1
A2YI1E86RZWSWD	M	17	1	"1,2,3,4,5,6,7,8,9,10,91,92,93,94,95,96,97,98,99,100,191,192,193,194,195,196,197,198,199,200,311,312,313,314,315,316,317,318,319,320"	"21,9,8,11,38,29,14,32,4,39,40,10,20,37,33,13,15,19,35,7,16,36,3,1,34,23,17,18,2,24,5,25,26,31,12,27,6,28,30,22"	"3,5,5,4,3,3,4,2,6,5,2,2,2,1,1,1,3,2,5,3,1,4,2,6,1,1,1,1,1,2,2,1,1,1,2,1,2,1,1,1"	1
AN5MSKMMSUXGQ	F	45	1	"1,2,3,4,5,6,7,8,9,10,91,92,93,94,95,96,97,98,99,100,191,192,193,194,195,196,197,198,199,200,311,312,313,314,315,316,317,318,319,320"	"5,31,27,35,24,19,32,20,4,1,3,37,40,10,14,22,21,29,38,17,6,36,18,16,11,13,12,39,7,23,30,34,28,25,8,9,33,2,26,15"	"3,4,4,5,1,5,4,3,6,1,3,1,4,1,3,1,6,1,1,2,1,1,1,1,1,1,1,1,1,1,1,1,1,1,1,1,1,1,1,1"	1
AUKUYL50PIUMC	M	45	5	"41,42,43,44,45,46,47,48,49,50,131,132,133,134,135,136,137,138,139,140,231,232,233,234,235,236,237,238,239,240,271,272,273,274,275,276,277,278,279,280"	"32,4,10,18,27,24,2,1,20,11,9,25,22,3,6,17,12,26,35,21,37,19,8,38,7,30,15,36,5,29,23,13,28,31,39,14,40,34,33,16"	"6,4,5,4,5,5,4,2,5,5,4,4,1,1,1,1,1,4,1,4,1,1,1,1,1,1,1,1,1,1,1,1,1,1,1,1,1,1,1,1"	1
AL5FJ2OEESW51	M	35	5	"41,42,43,44,45,46,47,48,49,50,131,132,133,134,135,136,137,138,139,140,231,232,233,234,235,236,237,238,239,240,271,272,273,274,275,276,277,278,279,280"	"10,32,36,28,21,1,15,4,5,7,20,29,24,35,9,37,26,39,16,8,3,19,17,22,38,12,40,23,18,33,6,27,34,31,2,14,11,13,30,25"	"6,1,4,5,5,1,4,5,4,3,1,3,1,1,1,5,1,1,2,4,2,1,1,1,2,1,1,1,1,1,1,1,1,1,1,1,1,1,1,1"	1
A3BUX2X4NAIB3K	F	25	3	"21,22,23,24,25,26,27,28,29,30,111,112,113,114,115,116,117,118,119,120,171,172,173,174,175,176,177,178,179,180,291,292,293,294,295,296,297,298,299,300"	"24,3,37,12,23,34,10,9,15,4,32,8,7,2,36,19,21,27,25,39,18,5,11,29,6,1,20,13,38,22,28,14,26,30,33,16,40,31,35,17"	"6,5,5,1,3,6,7,3,4,3,1,1,1,5,3,6,3,4,1,5,1,4,1,2,1,1,1,1,1,1,1,1,1,1,1,1,1,1,1,1"	1
A1EWQ6YCM8CO0E	M	35	4	"31,32,33,34,35,36,37,38,39,40,101,102,103,104,105,106,107,108,109,110,161,162,163,164,165,166,167,168,169,170,281,282,283,284,285,286,287,288,289,290"	"27,15,7,11,25,39,23,18,24,8,31,34,35,17,12,2,1,37,28,3,6,10,19,4,14,40,29,9,32,36,33,26,13,22,21,20,38,30,5,16"	"2,3,4,3,5,3,4,1,5,4,1,1,1,1,1,1,1,1,1,1,1,1,1,1,1,1,1,1,1,1,1,1,1,1,1,1,1,1,1,1"	1
A2R1U30QLCEE69	F	25	6	"51,52,53,54,55,56,57,58,59,60,121,122,123,124,125,126,127,128,129,130,221,222,223,224,225,226,227,228,229,230,261,262,263,264,265,266,267,268,269,270"	"35,22,38,37,23,32,4,34,3,7,9,13,6,16,2,18,28,12,17,19,14,21,27,10,30,40,39,29,8,20,15,24,31,26,25,33,11,1,36,5"	"1,6,7,4,1,7,7,6,5,3,1,4,1,1,1,1,1,2,1,2,1,1,1,1,1,1,1,1,1,1,1,1,1,1,2,1,1,1,1,1"	1
A2AO7QP5THYKQF	M	35	5	"41,42,43,44,45,46,47,48,49,50,131,132,133,134,135,136,137,138,139,140,231,232,233,234,235,236,237,238,239,240,271,272,273,274,275,276,277,278,279,280"	"35,34,39,3,16,28,11,40,19,17,2,14,27,26,30,6,36,15,8,24,18,33,9,38,4,25,31,12,1,7,20,29,32,37,13,5,22,23,21,10"	"6,5,7,6,5,1,5,4,6,2,7,5,1,1,1,7,7,4,5,5,5,1,5,4,6,1,2,5,5,2,1,1,1,4,1,4,1,1,1,3"	1
A3QB0Z9AN62HFH	M	25	5	"41,42,43,44,45,46,47,48,49,50,131,132,133,134,135,136,137,138,139,140,231,232,233,234,235,236,237,238,239,240,271,272,273,274,275,276,277,278,279,280"	"37,19,38,3,16,31,36,14,11,28,17,40,12,10,32,35,2,23,15,18,13,21,39,8,6,33,4,7,25,26,27,29,20,9,34,30,22,24,1,5"	"1,3,4,3,1,1,6,2,4,5,1,6,1,1,1,2,1,1,1,1,1,1,1,1,1,1,1,1,1,1,1,1,1,1,1,1,1,1,1,1"	1
A2G0HRT8HS9HRZ	M	35	8	"71,72,73,74,75,76,77,78,79,80,141,142,143,144,145,146,147,148,149,150,201,202,203,204,205,206,207,208,209,210,241,242,243,244,245,246,247,248,249,250"	"4,29,19,15,24,18,6,1,32,11,26,16,33,31,17,30,39,20,28,23,9,38,35,2,34,14,8,40,37,36,25,12,27,21,5,3,13,7,10,22"	"1,6,5,2,1,1,1,3,6,5,1,1,3,1,1,1,1,1,5,1,1,1,1,1,1,1,1,1,1,1,1,1,1,1,1,1,1,1,1,1"	1
A13JQIAK0MAF3B	M	35	8	"71,72,73,74,75,76,77,78,79,80,141,142,143,144,145,146,147,148,149,150,201,202,203,204,205,206,207,208,209,210,241,242,243,244,245,246,247,248,249,250"	"25,3,40,39,23,11,10,36,13,6,19,9,1,17,22,30,35,20,32,31,14,37,33,16,18,34,5,29,8,4,24,2,26,12,7,27,28,21,38,15"	"4,1,2,6,2,4,2,2,1,4,1,1,5,1,3,4,1,1,2,1,1,1,1,1,1,1,1,1,1,1,1,1,1,1,1,1,1,1,1,1"	1
AMSWIR4J9XEIJ	F	25	6	"51,52,53,54,55,56,57,58,59,60,121,122,123,124,125,126,127,128,129,130,221,222,223,224,225,226,227,228,229,230,261,262,263,264,265,266,267,268,269,270"	"4,19,15,30,24,39,11,12,7,26,40,10,25,31,18,3,20,36,33,6,8,37,1,13,21,27,38,17,9,29,34,22,32,5,2,23,14,16,35,28"	"1,6,4,6,1,4,1,5,5,1,1,1,1,4,1,1,1,1,1,4,1,1,1,1,1,1,1,1,1,1,1,1,1,1,1,1,1,1,1,1"	1
A1OKNQ2JEXW34Q	M	35	8	"71,72,73,74,75,76,77,78,79,80,141,142,143,144,145,146,147,148,149,150,201,202,203,204,205,206,207,208,209,210,241,242,243,244,245,246,247,248,249,250"	"40,5,24,35,23,17,26,2,4,28,1,33,21,36,25,19,39,38,30,29,11,27,16,7,14,37,12,18,32,13,6,34,31,8,3,10,22,9,20,15"	"2,2,2,5,1,1,1,3,4,5,4,1,4,1,1,1,1,1,1,1,1,1,1,1,1,1,1,1,1,1,1,1,1,1,1,1,1,1,1,1"	1
A1QY7CBO7FNPO8	F	35	7	"61,62,63,64,65,66,67,68,69,70,151,152,153,154,155,156,157,158,159,160,211,212,213,214,215,216,217,218,219,220,251,252,253,254,255,256,257,258,259,260"	"36,7,16,23,22,20,26,15,34,9,25,19,40,37,12,14,8,5,27,33,24,4,2,11,29,21,6,32,31,17,13,18,1,30,10,28,38,35,3,39"	"5,7,1,6,5,5,7,6,5,5,1,1,1,1,4,2,3,1,6,7,1,2,1,1,1,1,1,1,1,1,1,1,1,1,1,1,1,1,5,1"	1
A29PB2C8XD8TVG	M	17	3	"21,22,23,24,25,26,27,28,29,30,111,112,113,114,115,116,117,118,119,120,171,172,173,174,175,176,177,178,179,180,291,292,293,294,295,296,297,298,299,300"	"5,31,40,2,16,29,37,28,18,7,26,8,33,12,21,38,15,35,24,32,20,17,13,10,9,1,19,6,34,11,22,39,14,3,27,4,23,36,25,30"	"5,5,4,3,4,4,4,4,5,4,1,5,2,2,3,4,2,4,1,6,1,3,2,4,2,2,5,1,2,3,1,2,1,1,2,1,1,1,1,2"	1
A2X00L77LYHXM3	F	25	2	"11,12,13,14,15,16,17,18,19,20,81,82,83,84,85,86,87,88,89,90,181,182,183,184,185,186,187,188,189,190,301,302,303,304,305,306,307,308,309,310"	"4,39,1,9,15,28,10,7,29,36,35,30,40,3,20,18,37,5,25,33,22,8,34,13,14,6,19,31,23,21,32,27,38,24,17,26,16,2,12,11"	"6,6,3,7,5,5,7,6,6,6,4,2,2,7,1,7,2,3,6,7,1,1,1,1,1,1,1,1,1,1,1,1,1,1,1,1,1,1,1,1"	1
A1P51R2I1JDI5J	M	35	2	"11,12,13,14,15,16,17,18,19,20,81,82,83,84,85,86,87,88,89,90,181,182,183,184,185,186,187,188,189,190,301,302,303,304,305,306,307,308,309,310"	"22,18,5,14,6,27,21,36,24,30,7,34,1,11,28,23,15,4,25,35,16,3,10,37,32,9,2,29,39,17,40,13,20,33,38,12,19,26,31,8"	"1,6,1,1,5,2,7,6,5,6,1,2,2,2,2,4,1,3,3,5,1,7,1,2,2,1,1,1,1,2,2,1,5,5,6,4,6,1,1,3"	1
A1WL52L33F483Y	F	45	3	"21,22,23,24,25,26,27,28,29,30,111,112,113,114,115,116,117,118,119,120,171,172,173,174,175,176,177,178,179,180,291,292,293,294,295,296,297,298,299,300"	"34,32,19,7,11,17,8,29,3,20,2,1,25,4,39,36,22,12,24,37,9,31,14,23,40,28,15,35,16,26,33,21,30,13,18,6,27,5,38,10"	"4,5,3,6,6,7,6,6,5,4,1,1,1,1,3,4,1,3,1,7,1,1,1,1,1,1,1,1,1,1,1,1,1,1,1,1,1,1,1,1"	1
AC5HLTQXOE2WT	F	25	5	"41,42,43,44,45,46,47,48,49,50,131,132,133,134,135,136,137,138,139,140,231,232,233,234,235,236,237,238,239,240,271,272,273,274,275,276,277,278,279,280"	"10,12,33,21,9,29,28,36,23,14,25,6,27,34,19,4,22,24,26,5,40,30,7,2,39,37,31,13,8,35,18,1,11,3,20,16,32,15,17,38"	"5,4,3,5,4,5,3,3,3,4,2,3,3,1,1,2,2,3,2,3,1,1,2,1,2,2,1,1,2,1,1,1,1,2,1,1,1,2,1,2"	1
A2RDTTBASNV2XF	F	35	1	"1,2,3,4,5,6,7,8,9,10,91,92,93,94,95,96,97,98,99,100,191,192,193,194,195,196,197,198,199,200,311,312,313,314,315,316,317,318,319,320"	"9,40,4,32,25,35,16,21,20,15,36,11,18,5,1,19,23,7,39,12,38,28,34,6,13,17,8,2,10,29,26,14,22,3,33,27,31,37,24,30"	"1,2,1,2,1,1,2,1,2,3,1,1,1,1,2,1,1,2,1,1,1,1,1,1,1,1,1,1,1,1,1,1,1,1,1,1,1,1,1,1"	1
A1DCPMWRNPJSGX	F	45	8	"71,72,73,74,75,76,77,78,79,80,141,142,143,144,145,146,147,148,149,150,201,202,203,204,205,206,207,208,209,210,241,242,243,244,245,246,247,248,249,250"	"7,5,30,38,19,17,10,25,29,27,12,13,28,33,34,11,16,14,32,22,9,26,36,2,31,23,35,37,8,21,1,18,3,4,20,15,40,39,6,24"	"6,5,4,4,1,6,1,6,6,6,1,1,1,1,1,5,1,5,1,4,1,1,1,1,1,1,1,1,1,1,1,1,1,1,1,1,1,1,1,1"	1
A2PP9IOT3LPCTQ	M	17	1	"1,2,3,4,5,6,7,8,9,10,91,92,93,94,95,96,97,98,99,100,191,192,193,194,195,196,197,198,199,200,311,312,313,314,315,316,317,318,319,320"	"6,35,31,29,37,13,26,21,5,36,9,16,40,2,18,24,39,11,23,25,19,17,30,27,28,33,32,38,14,3,4,10,1,20,34,15,8,7,12,22"	"4,2,5,3,4,5,5,5,6,3,2,3,2,3,3,1,1,5,1,2,2,2,3,2,2,1,1,1,2,5,2,1,1,1,1,2,2,1,2,1"	1
A3DJSZ7KSUZRV0	M	35	8	"71,72,73,74,75,76,77,78,79,80,141,142,143,144,145,146,147,148,149,150,201,202,203,204,205,206,207,208,209,210,241,242,243,244,245,246,247,248,249,250"	"9,40,23,37,12,33,36,14,38,31,13,25,10,29,26,15,21,20,8,2,5,3,1,7,19,6,4,22,18,35,16,24,34,30,39,28,17,27,32,11"	"4,3,4,3,1,3,2,1,3,4,1,1,3,1,1,2,1,1,1,4,1,1,1,1,1,1,1,1,1,1,1,1,1,1,1,1,1,1,1,1"	1
A1069M75YWK2LI	F	35	1	"1,2,3,4,5,6,7,8,9,10,91,92,93,94,95,96,97,98,99,100,191,192,193,194,195,196,197,198,199,200,311,312,313,314,315,316,317,318,319,320"	"31,39,16,1,17,15,22,24,25,37,5,8,23,36,4,18,40,14,32,19,33,21,26,30,38,27,35,20,13,3,34,12,2,9,6,29,28,7,11,10"	"4,5,7,4,4,5,5,4,4,5,2,2,3,1,2,1,1,2,1,1,1,1,2,1,1,1,1,2,1,1,1,1,1,1,3,1,1,1,1,1"	1
A3HB9PPUZU565U	F	35	7	"61,62,63,64,65,66,67,68,69,70,151,152,153,154,155,156,157,158,159,160,211,212,213,214,215,216,217,218,219,220,251,252,253,254,255,256,257,258,259,260"	"13,25,40,33,7,14,22,31,6,8,24,32,19,15,11,2,21,16,26,36,20,30,17,18,34,28,37,35,39,9,38,23,5,12,3,1,4,27,10,29"	"6,1,2,3,4,2,3,4,5,3,1,1,1,2,1,6,1,1,3,5,1,1,1,1,1,1,1,1,1,1,1,1,1,1,1,1,1,1,1,1"	1
A9QYAH5BONH1W	M	45	6	"51,52,53,54,55,56,57,58,59,60,121,122,123,124,125,126,127,128,129,130,221,222,223,224,225,226,227,228,229,230,261,262,263,264,265,266,267,268,269,270"	"31,18,17,37,19,39,9,11,15,26,32,1,6,27,34,8,5,21,28,7,40,35,12,20,36,4,25,10,38,13,33,2,3,23,30,22,16,24,29,14"	"1,5,5,6,1,6,7,1,3,1,1,6,1,1,1,1,1,1,1,7,1,1,1,1,1,1,1,2,1,1,1,1,1,1,1,1,1,1,1,1"	1
A1CLP20NO97ZEL	F	25	3	"21,22,23,24,25,26,27,28,29,30,111,112,113,114,115,116,117,118,119,120,171,172,173,174,175,176,177,178,179,180,291,292,293,294,295,296,297,298,299,300"	"30,34,7,36,24,12,1,2,31,33,27,5,16,28,29,11,26,32,20,8,9,21,13,3,15,22,25,18,19,37,35,4,17,40,38,39,14,6,23,10"	"4,3,4,2,3,3,4,2,3,1,1,2,1,1,4,1,1,2,1,2,1,1,1,1,1,1,1,1,1,1,1,1,1,1,1,1,1,1,1,1"	1
A1D3KXPHOOB7B3	F	35	7	"61,62,63,64,65,66,67,68,69,70,151,152,153,154,155,156,157,158,159,160,211,212,213,214,215,216,217,218,219,220,251,252,253,254,255,256,257,258,259,260"	"8,37,35,32,28,2,24,14,17,7,16,31,26,39,29,1,30,21,4,40,38,3,34,6,15,9,18,20,5,22,36,11,27,12,19,10,25,23,33,13"	"5,2,2,1,2,3,2,2,1,4,1,1,1,1,1,1,1,1,1,1,1,1,1,1,1,1,1,1,1,1,1,1,1,1,1,1,1,1,1,1"	1
AXB77NEOQPVFA	M	65	2	"11,12,13,14,15,16,17,18,19,20,81,82,83,84,85,86,87,88,89,90,181,182,183,184,185,186,187,188,189,190,301,302,303,304,305,306,307,308,309,310"	"18,32,11,27,3,29,19,12,33,35,17,24,30,39,16,22,21,38,26,31,36,2,6,7,5,13,23,15,20,28,40,1,37,8,9,34,14,4,10,25"	"3,6,3,6,4,3,6,5,1,5,1,1,1,3,1,4,1,1,4,4,1,1,1,1,1,1,1,1,1,1,1,1,1,1,1,1,1,1,1,1"	1
A3LFVI65XV1T46	F	35	1	"1,2,3,4,5,6,7,8,9,10,91,92,93,94,95,96,97,98,99,100,191,192,193,194,195,196,197,198,199,200,311,312,313,314,315,316,317,318,319,320"	"33,21,17,35,9,27,25,18,31,22,5,10,37,23,26,7,14,36,34,24,12,6,15,40,4,28,30,11,2,1,19,3,13,16,20,32,38,39,8,29"	"3,3,4,2,2,4,3,1,4,2,1,1,1,1,1,1,2,1,1,1,1,1,1,1,1,1,1,1,1,1,1,1,1,1,1,1,1,1,1,1"	1
A2VJ68TCRS0GXL	F	35	8	"71,72,73,74,75,76,77,78,79,80,141,142,143,144,145,146,147,148,149,150,201,202,203,204,205,206,207,208,209,210,241,242,243,244,245,246,247,248,249,250"	"32,21,36,29,10,22,4,20,18,1,13,17,12,28,14,6,34,37,26,9,31,25,30,11,8,16,5,23,19,27,15,35,3,38,7,24,33,39,2,40"	"2,5,3,3,1,3,1,1,2,4,4,1,2,1,1,1,1,1,4,1,1,1,1,1,1,1,1,1,1,1,1,1,1,1,1,1,1,1,1,1"	1
A3NSX46VYD9J49	F	45	2	"11,12,13,14,15,16,17,18,19,20,81,82,83,84,85,86,87,88,89,90,181,182,183,184,185,186,187,188,189,190,301,302,303,304,305,306,307,308,309,310"	"31,8,34,5,14,11,25,26,30,4,27,20,23,37,6,38,40,17,16,35,13,12,15,2,9,1,36,24,3,39,18,29,7,33,10,28,21,22,19,32"	"2,2,1,2,2,2,3,3,1,3,3,1,2,3,1,3,1,1,2,2,1,1,1,1,1,1,1,1,1,1,1,1,1,1,1,1,1,1,1,1"	1
A1BNQ6H4SJZ2X5	M	35	7	"61,62,63,64,65,66,67,68,69,70,151,152,153,154,155,156,157,158,159,160,211,212,213,214,215,216,217,218,219,220,251,252,253,254,255,256,257,258,259,260"	"25,13,21,6,23,19,20,27,35,17,15,18,40,5,26,2,37,10,8,12,28,1,11,16,39,36,24,34,3,33,29,4,22,7,38,30,9,14,32,31"	"7,6,1,5,4,2,5,5,6,5,3,1,1,2,1,6,1,4,6,5,1,4,1,1,1,1,1,1,1,1,1,1,1,1,1,1,1,1,1,1"	1
A1ZZSJ0MP1HFP	F	35	7	"61,62,63,64,65,66,67,68,69,70,151,152,153,154,155,156,157,158,159,160,211,212,213,214,215,216,217,218,219,220,251,252,253,254,255,256,257,258,259,260"	"20,17,38,27,28,25,22,14,4,29,19,10,23,1,2,15,39,32,26,3,5,24,21,36,8,12,37,6,33,34,18,30,40,13,11,35,31,16,7,9"	"5,5,4,4,1,4,4,6,6,4,1,1,5,1,1,1,1,1,5,3,1,1,1,1,2,1,1,1,1,1,1,1,1,1,1,1,1,1,1,1"	1
A1VUQT5BCJYCTV	M	25	2	"11,12,13,14,15,16,17,18,19,20,81,82,83,84,85,86,87,88,89,90,181,182,183,184,185,186,187,188,189,190,301,302,303,304,305,306,307,308,309,310"	"29,15,10,23,31,33,40,1,18,16,6,8,4,39,7,24,38,26,5,21,30,3,17,12,11,28,37,25,27,35,32,2,20,14,13,9,36,34,19,22"	"1,7,1,7,2,4,4,5,1,1,1,1,4,1,1,1,1,3,3,7,1,1,1,7,1,7,1,1,1,1,1,1,1,1,2,1,1,1,1,1"	1
A34ZYURWC89L5M	M	25	1	"1,2,3,4,5,6,7,8,9,10,91,92,93,94,95,96,97,98,99,100,191,192,193,194,195,196,197,198,199,200,311,312,313,314,315,316,317,318,319,320"	"19,34,29,27,11,36,26,33,18,2,15,3,10,35,37,25,24,16,32,40,31,7,28,23,13,1,6,39,8,12,9,30,20,4,21,17,14,22,38,5"	"1,6,1,7,1,6,6,1,5,6,1,1,1,1,1,1,1,1,1,1,1,2,1,1,4,2,1,1,1,4,1,1,1,1,1,1,1,1,1,1"	1
A2S794I5MQWBDS	F	35	8	"71,72,73,74,75,76,77,78,79,80,141,142,143,144,145,146,147,148,149,150,201,202,203,204,205,206,207,208,209,210,241,242,243,244,245,246,247,248,249,250"	"10,32,24,30,16,18,6,17,34,22,4,23,25,12,26,21,3,27,9,29,13,19,37,14,38,31,5,36,39,20,40,7,8,28,33,15,1,11,35,2"	"1,1,5,5,1,1,1,1,6,1,1,1,1,1,1,1,1,1,1,1,1,1,1,1,1,1,1,1,1,1,1,1,1,1,1,1,1,1,1,1"	1
A2E593S4Y9C3Z6	M	35	8	"71,72,73,74,75,76,77,78,79,80,141,142,143,144,145,146,147,148,149,150,201,202,203,204,205,206,207,208,209,210,241,242,243,244,245,246,247,248,249,250"	"12,32,23,33,39,14,3,40,5,27,36,25,2,11,24,22,7,21,16,38,26,34,20,18,30,17,31,13,6,19,37,29,35,9,15,4,8,10,28,1"	"2,6,3,5,5,5,3,5,5,5,2,2,1,3,4,2,1,2,5,1,1,1,1,1,1,1,1,1,1,1,1,1,2,2,1,1,1,1,1,1"	1
ASFFW3A9FFHPN	M	35	6	"51,52,53,54,55,56,57,58,59,60,121,122,123,124,125,126,127,128,129,130,221,222,223,224,225,226,227,228,229,230,261,262,263,264,265,266,267,268,269,270"	"5,21,16,19,26,12,39,13,27,3,23,11,4,10,30,34,22,14,18,17,36,31,40,35,2,29,20,7,8,25,28,37,38,6,15,1,33,9,24,32"	"2,5,5,5,3,1,1,4,4,5,1,1,2,1,1,1,1,1,1,1,1,1,1,1,1,1,1,2,1,1,1,1,1,1,1,1,1,1,1,1"	1
A1KT18DF3XKTV4	M	35	6	"51,52,53,54,55,56,57,58,59,60,121,122,123,124,125,126,127,128,129,130,221,222,223,224,225,226,227,228,229,230,261,262,263,264,265,266,267,268,269,270"	"5,1,22,6,25,2,26,7,18,28,37,40,21,3,8,19,31,16,10,12,36,13,35,17,9,32,20,27,11,34,39,38,30,33,4,15,24,29,23,14"	"1,3,5,3,2,4,3,4,2,2,1,2,1,1,1,4,1,1,1,2,1,1,1,1,1,1,1,1,1,1,1,1,1,1,1,1,1,1,1,1"	1
A3CTEVJQM763P8	F	25	1	"1,2,3,4,5,6,7,8,9,10,91,92,93,94,95,96,97,98,99,100,191,192,193,194,195,196,197,198,199,200,311,312,313,314,315,316,317,318,319,320"	"3,12,13,39,19,35,15,31,2,33,23,32,5,10,40,8,21,1,9,38,37,36,26,14,34,7,17,24,22,18,28,11,4,27,29,30,16,25,6,20"	"2,5,5,5,5,6,6,6,6,5,7,1,4,1,2,5,1,5,1,5,1,1,1,3,6,2,1,1,1,6,1,1,1,1,1,1,2,1,1,2"	1
A32M8I74ECUJQM	F	35	1	"1,2,3,4,5,6,7,8,9,10,91,92,93,94,95,96,97,98,99,100,191,192,193,194,195,196,197,198,199,200,311,312,313,314,315,316,317,318,319,320"	"27,35,24,21,1,19,10,26,8,12,39,14,23,17,22,32,34,3,11,18,7,33,37,31,2,36,28,30,4,6,16,9,13,38,29,15,25,40,20,5"	"3,3,4,3,2,3,3,4,4,5,1,2,3,1,2,1,2,2,2,2,1,1,1,1,1,1,1,1,1,1,1,1,1,1,1,1,1,1,1,1"	1
A1XR97XSHB17AB	M	45	8	"71,72,73,74,75,76,77,78,79,80,141,142,143,144,145,146,147,148,149,150,201,202,203,204,205,206,207,208,209,210,241,242,243,244,245,246,247,248,249,250"	"13,12,1,23,7,33,10,17,19,24,20,25,32,2,21,4,5,39,37,30,31,38,3,40,29,11,22,36,9,34,35,26,27,28,18,8,15,16,6,14"	"1,5,4,4,3,6,1,5,4,6,4,1,3,2,2,1,2,1,4,1,1,1,1,1,1,1,1,1,1,1,1,1,1,1,1,1,1,1,1,1"	1
A1EA9V559CIG3O	F	25	6	"51,52,53,54,55,56,57,58,59,60,121,122,123,124,125,126,127,128,129,130,221,222,223,224,225,226,227,228,229,230,261,262,263,264,265,266,267,268,269,270"	"23,4,15,40,22,32,16,3,13,25,8,27,36,6,18,19,5,33,28,26,1,2,14,17,20,38,11,10,21,31,9,39,7,30,34,37,29,35,24,12"	"1,1,1,1,1,1,1,4,3,1,1,1,1,1,1,1,1,1,1,1,1,1,1,1,1,1,1,1,1,1,1,1,1,1,1,1,1,1,1,1"	1
A9T5V1H64MQBM	M	25	3	"21,22,23,24,25,26,27,28,29,30,111,112,113,114,115,116,117,118,119,120,171,172,173,174,175,176,177,178,179,180,291,292,293,294,295,296,297,298,299,300"	"13,1,9,29,22,26,12,5,25,23,32,31,37,33,11,21,28,38,14,10,2,6,34,39,7,3,18,16,19,24,4,8,30,15,17,27,20,40,36,35"	"6,6,5,2,5,6,6,5,5,6,1,1,1,1,6,1,2,5,2,4,2,2,1,5,2,1,1,1,1,2,2,1,1,1,1,1,1,1,1,1"	1
A21EPR8KW0GWX2	F	35	4	"31,32,33,34,35,36,37,38,39,40,101,102,103,104,105,106,107,108,109,110,161,162,163,164,165,166,167,168,169,170,281,282,283,284,285,286,287,288,289,290"	"33,4,24,6,1,16,40,39,12,23,30,25,9,18,10,21,32,13,35,8,11,19,17,34,36,5,26,27,14,37,22,28,29,2,38,20,7,3,31,15"	"5,5,5,5,4,5,6,4,7,5,1,4,1,1,1,1,1,4,1,6,1,1,1,1,1,1,1,1,1,1,1,2,1,1,1,1,1,1,1,1"	1
A11YOOX5ZN0Z9C	F	55	5	"41,42,43,44,45,46,47,48,49,50,131,132,133,134,135,136,137,138,139,140,231,232,233,234,235,236,237,238,239,240,271,272,273,274,275,276,277,278,279,280"	"10,12,39,35,29,2,4,32,23,28,38,26,22,6,17,13,34,9,14,16,20,19,36,33,40,11,25,31,18,24,8,15,3,7,21,30,27,5,37,1"	"6,6,6,6,6,1,6,6,6,6,5,6,1,2,1,4,1,3,2,5,1,1,1,1,1,1,1,1,1,1,1,1,3,1,1,1,1,1,1,5"	1
A29VL3MZE7YPBZ	F	35	4	"31,32,33,34,35,36,37,38,39,40,101,102,103,104,105,106,107,108,109,110,161,162,163,164,165,166,167,168,169,170,281,282,283,284,285,286,287,288,289,290"	"21,36,39,11,6,2,9,24,40,19,5,33,16,26,13,3,32,25,15,1,18,28,20,37,12,23,10,8,4,17,27,34,30,7,31,22,14,35,29,38"	"5,1,6,2,5,6,5,5,6,6,1,1,5,1,5,1,5,2,1,5,5,1,1,1,1,1,1,4,1,2,5,2,1,1,1,1,1,1,1,4"	1
APJ7I1U0PPEU8	F	35	1	"1,2,3,4,5,6,7,8,9,10,91,92,93,94,95,96,97,98,99,100,191,192,193,194,195,196,197,198,199,200,311,312,313,314,315,316,317,318,319,320"	"28,17,25,16,23,33,3,19,31,4,29,22,6,39,40,24,9,34,27,15,2,5,1,36,30,38,35,21,14,10,26,13,18,8,11,37,20,7,12,32"	"1,2,1,2,1,2,2,2,2,2,1,1,1,1,1,1,1,1,1,1,1,1,1,1,1,1,1,1,1,1,1,1,1,1,1,1,1,1,1,1"	1
A2PVGP0VBGJEHY	M	35	8	"71,72,73,74,75,76,77,78,79,80,141,142,143,144,145,146,147,148,149,150,201,202,203,204,205,206,207,208,209,210,241,242,243,244,245,246,247,248,249,250"	"19,35,12,30,29,25,20,24,16,21,2,11,10,31,22,15,34,13,8,40,32,27,4,18,7,6,1,9,17,28,37,36,39,3,26,14,38,5,23,33"	"3,3,3,2,3,3,1,4,3,4,4,1,2,1,1,1,1,1,4,1,1,1,1,1,1,1,1,1,1,1,1,1,1,1,1,1,1,1,1,1"	1
A30NHSMYI4BCEK	M	35	4	"31,32,33,34,35,36,37,38,39,40,101,102,103,104,105,106,107,108,109,110,161,162,163,164,165,166,167,168,169,170,281,282,283,284,285,286,287,288,289,290"	"8,13,30,22,28,25,35,31,4,19,9,27,29,7,12,18,24,2,11,21,26,23,6,20,17,38,3,33,36,34,39,5,16,40,37,10,32,1,15,14"	"4,2,1,5,3,5,5,3,3,4,5,2,2,1,1,1,3,1,1,2,1,1,1,1,1,1,1,1,1,1,2,1,1,1,1,1,1,1,1,1"	1
A1AQ2YEDWRXB2E	F	25	2	"11,12,13,14,15,16,17,18,19,20,81,82,83,84,85,86,87,88,89,90,181,182,183,184,185,186,187,188,189,190,301,302,303,304,305,306,307,308,309,310"	"22,23,13,10,2,1,12,28,11,8,38,14,19,27,35,31,34,26,6,39,29,15,40,18,37,33,24,36,20,25,32,4,5,21,30,9,17,7,16,3"	"6,6,5,7,5,1,7,7,1,6,4,3,3,6,1,6,5,3,6,7,1,1,1,1,1,3,1,1,1,1,1,2,4,1,1,2,1,1,1,1"	1
A3S3D81R5Q0D16	F	35	7	"61,62,63,64,65,66,67,68,69,70,151,152,153,154,155,156,157,158,159,160,211,212,213,214,215,216,217,218,219,220,251,252,253,254,255,256,257,258,259,260"	"33,10,8,40,1,15,20,18,25,36,4,22,2,29,12,9,6,24,35,3,14,11,37,19,17,27,28,39,38,5,21,7,13,23,34,26,31,30,16,32"	"7,6,5,6,5,4,6,5,7,6,3,1,6,7,2,1,2,3,7,7,1,1,1,1,3,1,1,1,1,2,1,1,7,1,1,1,1,1,1,1"	1
A37QW51L039KKQ	M	35	8	"71,72,73,74,75,76,77,78,79,80,141,142,143,144,145,146,147,148,149,150,201,202,203,204,205,206,207,208,209,210,241,242,243,244,245,246,247,248,249,250"	"14,8,11,5,22,4,28,19,12,13,38,36,3,32,16,34,10,6,39,26,2,21,37,15,31,29,7,33,25,20,27,40,35,1,24,23,17,18,30,9"	"4,4,2,4,4,2,2,1,3,2,4,1,1,1,5,2,1,1,1,3,1,2,2,2,4,3,1,1,1,5,2,4,4,6,1,1,2,5,1,1"	1
A18ACKRAVMM8D8	M	25	6	"51,52,53,54,55,56,57,58,59,60,121,122,123,124,125,126,127,128,129,130,221,222,223,224,225,226,227,228,229,230,261,262,263,264,265,266,267,268,269,270"	"29,12,26,15,11,5,19,2,20,28,32,39,4,25,8,24,33,16,6,30,22,37,40,35,21,23,18,13,27,36,14,10,38,17,3,34,1,7,31,9"	"4,6,6,4,2,1,4,1,3,1,1,1,1,1,1,5,1,1,2,1,1,1,1,1,1,1,1,1,1,1,1,1,1,1,1,1,1,1,1,1"	1
A364KJDYEBAWC9	M	45	2	"11,12,13,14,15,16,17,18,19,20,81,82,83,84,85,86,87,88,89,90,181,182,183,184,185,186,187,188,189,190,301,302,303,304,305,306,307,308,309,310"	"33,7,37,17,25,21,22,4,10,30,12,24,32,9,27,38,1,40,6,23,11,15,28,26,3,18,5,29,14,2,39,36,19,31,16,35,13,8,20,34"	"2,1,2,1,2,1,2,3,1,4,2,1,1,3,1,1,1,1,4,3,1,1,1,1,1,1,1,1,1,1,1,1,1,1,1,1,1,1,1,1"	1
ACXUT3NFLZFL6	F	25	5	"41,42,43,44,45,46,47,48,49,50,131,132,133,134,135,136,137,138,139,140,231,232,233,234,235,236,237,238,239,240,271,272,273,274,275,276,277,278,279,280"	"30,12,31,19,15,35,16,17,4,40,20,21,24,18,6,5,29,34,25,22,11,1,36,3,26,7,39,38,28,33,37,2,14,13,10,32,9,23,8,27"	"6,2,3,6,6,5,4,5,4,4,2,1,1,1,1,2,1,1,1,2,1,1,1,1,1,1,1,1,1,1,1,1,2,1,1,1,1,2,1,2"	1
A1RMCIT2JH73H6	M	35	8	"71,72,73,74,75,76,77,78,79,80,141,142,143,144,145,146,147,148,149,150,201,202,203,204,205,206,207,208,209,210,241,242,243,244,245,246,247,248,249,250"	"19,10,39,6,28,22,1,13,18,40,27,33,2,11,26,15,20,8,37,9,17,23,16,30,14,12,3,32,25,38,5,21,29,31,36,4,24,34,7,35"	"1,4,3,2,1,2,1,2,1,2,1,1,2,1,1,1,1,1,3,1,1,1,1,1,1,1,1,1,1,1,1,1,1,1,1,1,1,1,1,1"	1
A3UJO2A7THUZTV	M	35	1	"1,2,3,4,5,6,7,8,9,10,91,92,93,94,95,96,97,98,99,100,191,192,193,194,195,196,197,198,199,200,311,312,313,314,315,316,317,318,319,320"	"6,30,13,36,4,5,40,29,8,25,28,14,1,38,33,7,12,22,34,37,10,2,24,17,32,15,9,26,18,39,11,23,20,21,27,16,35,31,3,19"	"2,5,4,4,3,4,5,4,4,3,4,1,1,1,1,1,2,3,1,1,1,1,1,1,1,1,1,1,1,4,1,1,1,1,1,1,1,1,1,1"	1
AUJYDLLP0JMMF	M	35	6	"51,52,53,54,55,56,57,58,59,60,121,122,123,124,125,126,127,128,129,130,221,222,223,224,225,226,227,228,229,230,261,262,263,264,265,266,267,268,269,270"	"39,25,34,21,23,20,27,12,15,18,2,1,14,33,3,6,24,7,30,22,38,29,13,40,4,28,26,17,11,37,36,16,8,10,32,19,5,9,35,31"	"4,5,4,4,3,5,5,5,5,5,2,5,2,2,2,2,2,2,2,3,2,1,1,1,2,2,2,3,3,2,2,2,2,3,2,1,1,2,2,1"	1
AWV62CB8YD9D	M	25	3	"21,22,23,24,25,26,27,28,29,30,111,112,113,114,115,116,117,118,119,120,171,172,173,174,175,176,177,178,179,180,291,292,293,294,295,296,297,298,299,300"	"15,36,25,37,33,16,34,39,10,21,29,18,40,20,2,11,12,5,30,19,13,4,17,6,24,14,38,35,9,1,27,8,31,22,26,7,32,28,3,23"	"5,5,7,1,6,6,7,6,6,3,1,1,1,1,3,3,6,6,1,5,1,1,1,2,1,1,1,1,1,1,1,1,1,1,1,1,1,1,1,1"	1
A3IVKWYOH27D61	M	25	7	"61,62,63,64,65,66,67,68,69,70,151,152,153,154,155,156,157,158,159,160,211,212,213,214,215,216,217,218,219,220,251,252,253,254,255,256,257,258,259,260"	"26,24,18,1,39,36,25,15,4,40,31,8,38,28,7,35,11,12,20,6,23,32,5,22,9,30,17,13,34,21,3,37,2,14,27,33,16,19,10,29"	"6,4,2,5,2,3,5,4,4,5,2,1,1,1,1,3,2,1,3,2,1,1,1,1,1,1,1,1,1,1,1,1,2,1,1,1,1,1,1,1"	1
A27HVVLSZZ13XK	M	45	2	"11,12,13,14,15,16,17,18,19,20,81,82,83,84,85,86,87,88,89,90,181,182,183,184,185,186,187,188,189,190,301,302,303,304,305,306,307,308,309,310"	"16,20,5,35,22,1,10,27,37,14,39,13,17,29,6,9,32,36,31,11,40,15,33,28,18,2,38,7,30,8,26,24,19,12,25,3,23,4,21,34"	"2,4,3,5,4,1,6,5,1,4,6,1,1,3,1,3,1,2,4,4,1,1,1,1,1,1,1,1,1,1,1,1,1,1,1,1,1,1,1,1"	1
ARVSVYBL46LC9	F	65	8	"71,72,73,74,75,76,77,78,79,80,141,142,143,144,145,146,147,148,149,150,201,202,203,204,205,206,207,208,209,210,241,242,243,244,245,246,247,248,249,250"	"34,22,6,9,21,27,30,3,11,4,12,15,40,13,8,38,24,33,7,5,35,39,10,36,20,14,26,1,19,28,25,31,2,18,37,16,17,29,23,32"	"2,3,2,4,2,3,1,1,2,3,2,1,1,1,1,1,1,1,2,1,1,1,1,1,1,1,1,1,1,1,1,1,1,1,1,1,1,1,1,1"	1
A37HUPFXQZLO2D	M	25	8	"71,72,73,74,75,76,77,78,79,80,141,142,143,144,145,146,147,148,149,150,201,202,203,204,205,206,207,208,209,210,241,242,243,244,245,246,247,248,249,250"	"34,17,5,12,21,2,28,16,6,24,26,23,14,30,20,19,1,37,29,33,4,36,9,35,7,10,31,13,22,40,38,15,18,11,27,3,8,39,25,32"	"6,6,5,5,5,5,2,5,6,6,4,2,6,2,3,4,6,6,5,1,4,2,1,1,2,1,1,2,4,1,2,1,2,1,1,1,1,1,2,2"	1
AVQGY7FCU80XP	M	45	6	"51,52,53,54,55,56,57,58,59,60,121,122,123,124,125,126,127,128,129,130,221,222,223,224,225,226,227,228,229,230,261,262,263,264,265,266,267,268,269,270"	"14,21,35,9,32,34,40,10,18,33,24,5,11,30,6,15,25,27,29,26,4,2,20,3,31,17,12,13,23,28,16,37,39,22,8,1,7,36,19,38"	"6,6,6,4,1,5,6,6,5,4,1,2,5,5,4,6,1,1,1,1,1,1,1,1,1,1,1,3,1,1,1,1,1,1,1,1,1,1,1,1"	1
A2QP3W9ELAG96T	F	45	4	"31,32,33,34,35,36,37,38,39,40,101,102,103,104,105,106,107,108,109,110,161,162,163,164,165,166,167,168,169,170,281,282,283,284,285,286,287,288,289,290"	"8,39,14,9,4,31,2,26,1,36,29,15,30,12,17,34,37,35,24,21,22,6,27,10,40,23,11,19,25,5,7,3,32,33,28,20,18,16,13,38"	"4,5,5,4,5,4,6,2,6,5,1,2,1,1,1,1,1,2,3,2,1,1,1,1,1,1,1,1,1,1,1,1,1,1,1,1,1,1,1,1"	1
APDJTUITM2N3B	M	45	2	"11,12,13,14,15,16,17,18,19,20,81,82,83,84,85,86,87,88,89,90,181,182,183,184,185,186,187,188,189,190,301,302,303,304,305,306,307,308,309,310"	"18,28,10,13,3,11,36,32,26,24,27,2,19,7,37,20,34,31,35,22,29,25,39,23,5,21,17,40,4,1,33,16,9,12,38,8,6,15,30,14"	"2,3,3,4,5,1,7,7,4,6,2,2,5,7,2,7,2,4,7,7,1,2,1,5,4,2,1,1,6,3,1,1,1,1,1,4,3,5,2,4"	1
A3CO5374TFUFEK	F	55	1	"1,2,3,4,5,6,7,8,9,10,91,92,93,94,95,96,97,98,99,100,191,192,193,194,195,196,197,198,199,200,311,312,313,314,315,316,317,318,319,320"	"30,35,8,17,11,36,19,16,12,28,7,40,31,22,34,14,20,32,1,24,27,9,5,10,29,37,6,3,4,21,38,39,26,23,13,25,18,15,2,33"	"5,4,5,6,4,5,5,4,6,6,2,2,4,1,2,1,5,5,2,2,1,1,1,1,1,1,1,1,1,5,1,1,1,1,1,1,1,1,1,1"	1
A3HP9XOB1TMBIL	F	25	6	"51,52,53,54,55,56,57,58,59,60,121,122,123,124,125,126,127,128,129,130,221,222,223,224,225,226,227,228,229,230,261,262,263,264,265,266,267,268,269,270"	"22,6,29,36,8,30,26,34,1,7,9,16,39,38,17,14,10,20,35,12,40,2,32,33,11,23,18,3,21,28,5,13,4,25,37,27,24,15,31,19"	"1,5,2,3,1,2,1,2,3,4,1,1,1,1,1,1,1,1,1,2,1,1,1,1,1,1,1,1,1,1,1,1,1,1,1,1,1,1,1,1"	1
A2PRSG8OBLL5CQ	F	35	6	"51,52,53,54,55,56,57,58,59,60,121,122,123,124,125,126,127,128,129,130,221,222,223,224,225,226,227,228,229,230,261,262,263,264,265,266,267,268,269,270"	"18,5,8,3,1,10,15,21,33,7,39,14,9,6,17,30,22,4,2,28,32,34,31,12,20,24,37,40,35,26,29,23,27,25,11,19,36,16,38,13"	"5,6,5,5,1,4,4,5,4,4,1,1,1,4,1,1,1,1,1,1,1,1,1,1,1,1,1,1,1,1,1,1,1,1,1,1,1,1,1,1"	1
A3IE6ATDKX6N1H	F	65	7	"61,62,63,64,65,66,67,68,69,70,151,152,153,154,155,156,157,158,159,160,211,212,213,214,215,216,217,218,219,220,251,252,253,254,255,256,257,258,259,260"	"9,29,22,12,25,17,20,33,5,15,2,26,8,13,37,18,35,3,34,19,4,14,7,21,27,28,32,1,10,23,40,16,39,24,31,38,6,11,36,30"	"6,6,7,6,6,7,7,7,7,6,4,1,5,5,4,6,1,1,6,7,1,1,1,1,2,1,1,1,1,1,1,1,1,1,1,1,1,1,1,1"	1
A8ZDIHQNX149L	M	25	5	"41,42,43,44,45,46,47,48,49,50,131,132,133,134,135,136,137,138,139,140,231,232,233,234,235,236,237,238,239,240,271,272,273,274,275,276,277,278,279,280"	"29,13,11,22,8,26,24,19,34,37,9,40,36,21,38,23,14,33,12,6,15,1,30,27,4,10,17,2,5,39,28,35,25,7,18,16,3,32,20,31"	"5,6,6,3,3,2,6,4,6,4,4,4,2,4,3,5,4,5,4,2,3,2,6,3,2,3,4,2,3,5,3,3,4,3,3,2,1,2,2,3"	1
A1JK9DYKWYZZEK	M	25	3	"21,22,23,24,25,26,27,28,29,30,111,112,113,114,115,116,117,118,119,120,171,172,173,174,175,176,177,178,179,180,291,292,293,294,295,296,297,298,299,300"	"33,1,30,13,17,23,29,18,4,12,19,37,5,22,40,38,7,25,35,32,11,2,15,6,31,36,21,34,26,16,24,3,8,39,20,14,9,10,27,28"	"1,1,2,2,3,4,4,4,4,3,3,3,3,1,2,5,5,2,2,5,2,2,1,4,2,1,1,2,2,1,1,1,1,1,1,1,1,1,1,1"	1
A2EKEEWYQ9E0ZF	M	25	8	"71,72,73,74,75,76,77,78,79,80,141,142,143,144,145,146,147,148,149,150,201,202,203,204,205,206,207,208,209,210,241,242,243,244,245,246,247,248,249,250"	"35,36,38,25,2,11,15,3,29,13,21,33,18,34,5,19,27,14,8,9,10,7,20,16,31,6,22,37,24,1,12,40,23,17,32,30,4,39,26,28"	"1,5,4,2,2,4,1,4,5,7,1,1,1,1,2,1,1,1,1,1,1,1,1,1,1,1,1,1,1,1,1,1,1,1,1,1,1,1,1,1"	1
AZPKUIYE84ML	F	25	1	"1,2,3,4,5,6,7,8,9,10,91,92,93,94,95,96,97,98,99,100,191,192,193,194,195,196,197,198,199,200,311,312,313,314,315,316,317,318,319,320"	"25,20,5,17,27,1,22,11,33,40,16,28,21,13,31,36,34,2,4,29,9,30,32,3,8,38,26,23,6,15,24,7,10,14,37,35,39,18,19,12"	"1,5,4,5,1,1,1,5,5,6,1,1,1,1,1,1,1,1,1,1,1,1,1,1,1,1,1,1,1,1,1,1,1,1,1,1,1,1,1,1"	1
A1KHINRFBE6L1K	F	45	1	"1,2,3,4,5,6,7,8,9,10,91,92,93,94,95,96,97,98,99,100,191,192,193,194,195,196,197,198,199,200,311,312,313,314,315,316,317,318,319,320"	"3,30,31,36,15,25,24,22,37,13,2,20,35,23,38,4,28,26,11,9,5,10,34,18,1,16,7,21,32,14,40,33,8,27,19,6,29,12,17,39"	"1,4,6,4,4,4,6,3,4,5,2,1,3,1,4,1,1,1,1,1,1,1,1,1,1,1,1,1,1,2,1,1,1,1,1,1,1,1,1,1"	1
A2IDP6539JES8T	M	55	7	"61,62,63,64,65,66,67,68,69,70,151,152,153,154,155,156,157,158,159,160,211,212,213,214,215,216,217,218,219,220,251,252,253,254,255,256,257,258,259,260"	"35,11,2,14,23,18,21,36,15,31,40,27,22,39,32,28,10,30,4,24,17,37,38,13,5,29,33,19,25,12,9,26,1,6,3,7,16,34,8,20"	"5,4,2,3,1,4,4,3,4,4,1,2,2,3,1,3,1,1,3,2,1,1,1,1,1,1,1,1,1,1,1,1,3,1,1,1,1,1,1,1"	1
A1DT7XOW0ISK0K	M	25	7	"61,62,63,64,65,66,67,68,69,70,151,152,153,154,155,156,157,158,159,160,211,212,213,214,215,216,217,218,219,220,251,252,253,254,255,256,257,258,259,260"	"28,17,21,2,7,13,12,19,5,18,37,15,20,27,3,8,9,16,22,4,36,30,6,29,33,32,26,35,10,40,38,11,31,23,24,39,1,14,25,34"	"2,2,2,3,1,4,2,1,3,3,2,1,1,3,1,2,1,1,2,2,1,1,1,1,2,1,2,1,1,1,1,1,1,1,1,1,1,1,1,1"	1
AXFP92JEH73M2	F	35	5	"41,42,43,44,45,46,47,48,49,50,131,132,133,134,135,136,137,138,139,140,231,232,233,234,235,236,237,238,239,240,271,272,273,274,275,276,277,278,279,280"	"36,31,21,9,4,7,8,25,40,16,20,39,12,28,17,1,19,29,6,3,32,34,24,38,11,33,23,13,22,27,5,2,10,30,18,37,35,14,15,26"	"2,2,1,1,2,1,2,1,3,2,1,1,1,1,1,1,1,1,1,3,1,1,1,1,1,1,1,1,1,1,1,1,1,1,1,1,1,1,2,1"	1
A20A0EM29IJLSK	M	35	7	"61,62,63,64,65,66,67,68,69,70,151,152,153,154,155,156,157,158,159,160,211,212,213,214,215,216,217,218,219,220,251,252,253,254,255,256,257,258,259,260"	"10,12,16,31,1,25,20,24,22,13,35,36,34,39,14,21,19,37,8,9,15,2,7,6,40,27,3,4,32,23,30,11,17,18,33,26,28,29,38,5"	"4,4,5,2,1,4,2,3,2,4,1,1,1,2,1,3,1,1,4,2,1,1,1,1,1,1,1,1,1,1,1,1,1,1,1,1,1,1,1,1"	1
A37WXDYYT7RCZ0	M	35	7	"61,62,63,64,65,66,67,68,69,70,151,152,153,154,155,156,157,158,159,160,211,212,213,214,215,216,217,218,219,220,251,252,253,254,255,256,257,258,259,260"	"32,9,23,11,29,10,14,31,27,34,40,6,22,16,20,18,25,3,4,2,24,39,26,28,19,33,38,5,36,15,1,17,8,21,37,35,7,13,12,30"	"1,1,1,2,1,1,1,1,2,1,1,1,2,1,1,1,1,1,1,4,1,1,1,1,1,1,1,1,1,1,1,1,1,1,1,1,1,1,1,1"	1
AL3UGBNTPA0I7	F	35	4	"31,32,33,34,35,36,37,38,39,40,101,102,103,104,105,106,107,108,109,110,161,162,163,164,165,166,167,168,169,170,281,282,283,284,285,286,287,288,289,290"	"17,28,4,11,10,24,39,27,6,26,14,32,34,16,9,37,35,2,12,29,38,13,1,25,30,15,40,3,31,23,7,21,8,36,20,33,22,5,18,19"	"3,1,3,1,2,3,1,1,1,3,1,1,1,1,1,1,1,1,1,1,1,1,1,1,1,1,1,1,1,1,4,1,1,1,1,1,1,1,1,1"	1
A1CE3DR200PXSS	F	35	5	"41,42,43,44,45,46,47,48,49,50,131,132,133,134,135,136,137,138,139,140,231,232,233,234,235,236,237,238,239,240,271,272,273,274,275,276,277,278,279,280"	"40,9,15,5,23,33,36,28,19,20,24,26,11,8,12,10,21,1,22,39,7,35,38,37,18,4,32,30,6,16,13,3,2,29,27,34,25,31,17,14"	"5,6,6,5,4,7,5,6,6,6,3,4,1,1,2,2,1,1,1,1,1,1,1,1,1,1,2,1,1,1,1,1,1,1,1,1,1,1,1,1"	1
AU4XMHWLXIECJ	M	35	1	"1,2,3,4,5,6,7,8,9,10,91,92,93,94,95,96,97,98,99,100,191,192,193,194,195,196,197,198,199,200,311,312,313,314,315,316,317,318,319,320"	"4,24,37,18,23,15,11,32,19,29,20,35,3,2,8,14,9,34,27,40,28,36,25,39,7,38,31,5,13,6,1,33,16,12,21,17,30,22,26,10"	"1,4,3,1,5,5,7,4,5,2,4,5,5,4,5,6,6,4,1,6,3,1,5,4,3,7,1,2,2,3,5,6,3,1,4,5,2,4,3,1"	1
A23V486RVLMAK1	M	35	2	"11,12,13,14,15,16,17,18,19,20,81,82,83,84,85,86,87,88,89,90,181,182,183,184,185,186,187,188,189,190,301,302,303,304,305,306,307,308,309,310"	"28,36,24,5,3,22,29,15,35,20,30,21,25,8,23,17,34,31,9,38,32,4,37,19,2,27,14,33,6,16,26,39,12,18,13,1,10,7,40,11"	"6,4,3,6,5,2,3,6,2,4,2,2,4,2,1,3,2,3,6,6,1,1,1,6,2,1,1,1,1,1,2,2,1,1,3,2,1,2,1,2"	1
A1ODK1M15CN8UF	F	45	7	"61,62,63,64,65,66,67,68,69,70,151,152,153,154,155,156,157,158,159,160,211,212,213,214,215,216,217,218,219,220,251,252,253,254,255,256,257,258,259,260"	"34,18,27,33,17,9,24,20,8,40,38,14,29,23,7,35,10,19,11,32,5,3,25,36,22,37,39,12,2,28,15,31,21,30,4,16,13,1,6,26"	"4,5,2,4,2,2,5,5,2,3,1,2,3,2,2,5,4,1,2,2,1,1,1,1,3,1,1,1,2,1,1,1,1,1,1,1,1,1,2,1"	1
A28G4QO0DRY8OZ	F	45	6	"51,52,53,54,55,56,57,58,59,60,121,122,123,124,125,126,127,128,129,130,221,222,223,224,225,226,227,228,229,230,261,262,263,264,265,266,267,268,269,270"	"36,32,10,38,37,15,23,5,14,8,3,25,35,30,4,22,29,26,31,27,1,9,21,16,6,12,18,17,20,39,13,19,7,11,24,2,40,33,34,28"	"6,6,6,4,4,6,5,6,6,5,2,1,2,3,2,1,1,3,1,3,1,1,1,1,1,1,1,2,2,1,1,1,1,1,1,1,1,1,1,1"	1
A2NA2OJT15COZY	M	35	8	"71,72,73,74,75,76,77,78,79,80,141,142,143,144,145,146,147,148,149,150,201,202,203,204,205,206,207,208,209,210,241,242,243,244,245,246,247,248,249,250"	"20,24,5,8,17,10,16,7,11,33,30,40,4,3,14,27,13,31,37,2,15,18,6,36,29,25,38,32,35,1,23,12,9,28,21,39,22,34,26,19"	"1,1,5,2,1,2,1,2,2,2,3,1,1,1,1,2,1,1,2,1,1,1,1,1,1,1,1,1,1,1,1,1,1,1,1,1,1,1,1,1"	1
A6IVYRP8FAIS	M	25	5	"41,42,43,44,45,46,47,48,49,50,131,132,133,134,135,136,137,138,139,140,231,232,233,234,235,236,237,238,239,240,271,272,273,274,275,276,277,278,279,280"	"9,4,40,29,10,23,35,12,25,24,27,33,16,18,13,39,30,22,31,19,32,21,14,17,37,1,34,2,5,26,8,36,11,7,3,28,15,6,20,38"	"5,5,6,5,7,2,1,2,3,2,1,3,1,1,1,2,3,2,1,3,1,3,2,1,2,1,2,1,1,1,1,3,1,1,1,1,1,1,2,3"	1
A1IYWH1HSWTQG1	F	65	7	"61,62,63,64,65,66,67,68,69,70,151,152,153,154,155,156,157,158,159,160,211,212,213,214,215,216,217,218,219,220,251,252,253,254,255,256,257,258,259,260"	"30,7,5,18,38,15,40,27,10,35,6,8,17,33,20,3,29,1,11,39,16,24,19,37,12,14,13,31,34,2,32,23,21,9,26,4,22,36,25,28"	"4,6,1,1,3,4,5,4,6,5,1,1,2,3,1,1,1,1,5,5,1,1,1,1,1,1,1,1,1,1,1,1,1,1,1,1,1,1,1,1"	1
A1A7O3TW2O0TPM	M	35	3	"21,22,23,24,25,26,27,28,29,30,111,112,113,114,115,116,117,118,119,120,171,172,173,174,175,176,177,178,179,180,291,292,293,294,295,296,297,298,299,300"	"27,39,28,29,35,22,32,33,2,16,21,8,7,24,38,13,37,31,15,17,19,30,25,23,1,34,12,10,5,11,14,26,6,18,3,20,9,40,4,36"	"7,1,2,1,1,7,6,5,1,4,1,1,1,1,5,3,1,2,1,5,1,1,1,1,1,1,1,1,1,2,1,2,1,1,1,1,1,1,1,1"	1
A2V6SYSAA0PML1	M	45	3	"21,22,23,24,25,26,27,28,29,30,111,112,113,114,115,116,117,118,119,120,171,172,173,174,175,176,177,178,179,180,291,292,293,294,295,296,297,298,299,300"	"7,22,31,5,40,38,10,3,27,23,14,25,4,30,9,1,39,20,36,13,8,6,37,15,16,32,34,17,19,28,2,12,24,26,35,11,29,33,18,21"	"7,4,2,5,2,4,4,1,3,3,1,3,1,3,6,2,1,4,1,7,1,2,1,2,1,1,1,1,1,1,1,1,1,1,1,1,1,1,1,1"	1
A15LFIRQ542D1T	F	25	4	"31,32,33,34,35,36,37,38,39,40,101,102,103,104,105,106,107,108,109,110,161,162,163,164,165,166,167,168,169,170,281,282,283,284,285,286,287,288,289,290"	"34,10,30,24,7,11,33,17,29,39,38,14,6,16,40,32,25,37,1,22,9,26,3,12,19,4,36,15,8,20,5,31,28,23,21,13,35,2,18,27"	"6,1,6,6,4,3,5,4,6,6,1,1,1,1,1,3,1,6,1,1,1,1,1,1,1,1,1,1,1,1,1,1,1,1,1,1,1,1,1,1"	1
A3FO0AK3PG8ZDK	F	35	3	"21,22,23,24,25,26,27,28,29,30,111,112,113,114,115,116,117,118,119,120,171,172,173,174,175,176,177,178,179,180,291,292,293,294,295,296,297,298,299,300"	"31,36,11,16,40,10,3,12,23,27,14,15,29,5,18,2,19,6,4,38,20,33,21,35,26,7,24,34,32,22,13,9,8,1,25,28,39,37,30,17"	"7,2,6,6,5,7,2,5,7,7,6,1,5,4,7,7,5,1,1,7,1,5,1,7,2,2,1,1,1,2,3,3,1,1,1,1,1,1,1,1"	1
A416CQ0FIDNFT	F	25	8	"71,72,73,74,75,76,77,78,79,80,141,142,143,144,145,146,147,148,149,150,201,202,203,204,205,206,207,208,209,210,241,242,243,244,245,246,247,248,249,250"	"20,35,27,40,11,21,17,15,31,25,10,36,4,34,13,37,23,8,29,6,24,16,2,18,12,32,14,39,3,1,28,9,38,33,30,22,26,5,7,19"	"1,1,1,1,1,1,1,1,1,1,2,1,1,1,2,1,1,2,1,1,1,1,1,1,1,1,1,1,1,1,1,1,1,1,1,1,1,1,1,1"	1